type : CentralOpenCVModel
width : 1280
height : 720
parameters : [901.42292678872, 892.64923792739, 642.63721952384, 377.85795662771, -5.9647942773552, 21.99417288821, 17.484288284668, -6.0175442477574, 22.082450220995, 17.036098549322, -0.00044437352514561, -0.0011989382729998]
