type : CentralOpenCVModel
width : 1280
height : 720
parameters : [894.15900950769, 884.48552140568, 642.85604458888, 371.06564906639, -2.8093933910002, 8.0242019872753, 5.3216919674575, -2.9083038789825, 8.3278122253325, 4.9126592262805, -0.0026058504429928, -0.0010065900320653]
