type : CentralOpenCVModel
width : 1280
height : 720
parameters : [897.08605151298, 890.89428945968, 643.11816596496, 371.81370418572, -3.126639461296, 8.9227659749214, 6.1497791758471, -3.2240714116936, 9.2301230740015, 5.7023907718548, -0.0019595726285882, -0.0011187058864087]
