type : CentralOpenCVModel
width : 1280
height : 720
parameters : [902.46113759942, 905.61705161558, 642.47104734634, 373.3567012642, -0.62187729522347, -30.881761166251, 261.75146710904, -0.70084026808353, -30.537715978165, 259.16417869972, -0.00046410330630625, -0.001764860686538]
