type : CentralOpenCVModel
width : 1280
height : 720
parameters : [899.65832733973, 873.19665621323, 640.80571647203, 379.07795460364, -4.8892993347915, 17.025562835281, 8.70808383959, -4.9522560727282, 17.170007610404, 8.3566871982648, -0.0019550900255302, -0.0009657999917876]
